Filter Wave Flux F_er
Spitzer/MIPS:24 23.674678828081813 0.00030825000067125075 5.8804762e-05
Herschel/SPIRE:250 249.99371080720482 0.005900000222027302 0.0004
Herschel/SPIRE:350 362.9976001356129 0.021650000475347042 0.0012649111
Herschel/SPIRE:500 516.9994274578785 0.019650000147521496 0.0016763054
:=1.4GHz 214137.47000000003 5.236666644729363e-05 2.1469048e-05
